 istepE=           0  istepP=           0
 TOTOVLAP=   1.0000000000000000     
 TOTENG=  0.95862443731577152     
 OV0=   1.0000000000000000     
 OV1=   0.0000000000000000     
 OV2=   0.0000000000000000     
 ECORE=  0.78153322348049592     
 ECOREP=  0.78153322348049592     
 VEP= -0.60444200964522032     
 VEE=   0.0000000000000000     
 E1=   0.0000000000000000     
 E2=   0.0000000000000000     
 E3=   0.0000000000000000     
 E4=   0.0000000000000000     
 ENEO=  0.95862443731577152     
 EGEM=   0.0000000000000000     
 EPHP=  0.95862443731577152     
 NUCREP=   0.0000000000000000     

